# Base Cases - 25
[]:0
[]:1
[0]:0
[0]:1
[1]:0
[1]:1
[1]:2
[1, 2]:0
[1, 2]:1
[1, 2]:2
[1, 2]:3
[1, 2]:4
[1, 2, 3]:0
[1, 2, 3]:1
[1, 2, 3]:2
[1, 2, 3]:3
[1, 2, 3]:4
[1, 2, 3]:5
[1, 2, 3]:6
[1, 2, 3]:7
[-1, 0, 1]:-2
[-1, 0, 1]:-1
[-1, 0, 1]:0
[-1, 0, 1]:1
[-1, 0, 1]:2
# Randomly Generated Instances - 50
[2, 0, 0, 2, -3]:4
[2, 0, 0, 2, -3]:-1
[2, 0, 0, 2, -3]:34
[2, 0, 0, 2, -3]:-13
[2, 0, 0, 2, -3]:-41
[-1, 2, 4, -6, -3, -5, 3, 0, -2, 2]:1
[-1, 2, 4, -6, -3, -5, 3, 0, -2, 2]:11
[-1, 2, 4, -6, -3, -5, 3, 0, -2, 2]:2
[-1, 2, 4, -6, -3, -5, 3, 0, -2, 2]:-49
[-1, 2, 4, -6, -3, -5, 3, 0, -2, 2]:20
[-10, 0, 9, 6, 7, -12, 5, 11, 8, -12, 1, -3, 5, -7, -6]:9
[-10, 0, 9, 6, 7, -12, 5, 11, 8, -12, 1, -3, 5, -7, -6]:2
[-10, 0, 9, 6, 7, -12, 5, 11, 8, -12, 1, -3, 5, -7, -6]:28
[-10, 0, 9, 6, 7, -12, 5, 11, 8, -12, 1, -3, 5, -7, -6]:37
[-10, 0, 9, 6, 7, -12, 5, 11, 8, -12, 1, -3, 5, -7, -6]:-28
[9, -11, 16, -18, 3, 11, 2, 13, 13, -15, -12, 12, -8, -12, -10, -16, -6, 11, -18, 18]:26
[9, -11, 16, -18, 3, 11, 2, 13, 13, -15, -12, 12, -8, -12, -10, -16, -6, 11, -18, 18]:20
[9, -11, 16, -18, 3, 11, 2, 13, 13, -15, -12, 12, -8, -12, -10, -16, -6, 11, -18, 18]:3
[9, -11, 16, -18, 3, 11, 2, 13, 13, -15, -12, 12, -8, -12, -10, -16, -6, 11, -18, 18]:-45
[9, -11, 16, -18, 3, 11, 2, 13, 13, -15, -12, 12, -8, -12, -10, -16, -6, 11, -18, 18]:35
[2, -3, -7, 22, -1, -14, 6, -11, 3, -12, 20, 18, 1, 12, 11, -23, 1, -5, -8, 12, -24, -18, 4, 4, 22]:-34
[2, -3, -7, 22, -1, -14, 6, -11, 3, -12, 20, 18, 1, 12, 11, -23, 1, -5, -8, 12, -24, -18, 4, 4, 22]:23
[2, -3, -7, 22, -1, -14, 6, -11, 3, -12, 20, 18, 1, 12, 11, -23, 1, -5, -8, 12, -24, -18, 4, 4, 22]:43
[2, -3, -7, 22, -1, -14, 6, -11, 3, -12, 20, 18, 1, 12, 11, -23, 1, -5, -8, 12, -24, -18, 4, 4, 22]:-20
[2, -3, -7, 22, -1, -14, 6, -11, 3, -12, 20, 18, 1, 12, 11, -23, 1, -5, -8, 12, -24, -18, 4, 4, 22]:12
[-15, -28, -21, 18, -4, 27, 11, -1, -18, -12, 7, -8, 18, -2, -11, -4, 13, 0, -4, -19, 13, -5, 16, -18, 3, -11, 20, -21, -8, -20]:-211
[-15, -28, -21, 18, -4, 27, 11, -1, -18, -12, 7, -8, 18, -2, -11, -4, 13, 0, -4, -19, 13, -5, 16, -18, 3, -11, 20, -21, -8, -20]:128
[-15, -28, -21, 18, -4, 27, 11, -1, -18, -12, 7, -8, 18, -2, -11, -4, 13, 0, -4, -19, 13, -5, 16, -18, 3, -11, 20, -21, -8, -20]:-9
[-15, -28, -21, 18, -4, 27, 11, -1, -18, -12, 7, -8, 18, -2, -11, -4, 13, 0, -4, -19, 13, -5, 16, -18, 3, -11, 20, -21, -8, -20]:-16
[-15, -28, -21, 18, -4, 27, 11, -1, -18, -12, 7, -8, 18, -2, -11, -4, 13, 0, -4, -19, 13, -5, 16, -18, 3, -11, 20, -21, -8, -20]:12
[-31, 18, 4, -3, -34, 23, 15, -12, 20, 11, -24, -8, 33, -17, 26, 6, -16, 33, -5, 8, -16, 33, 21, 26, -15, 11, -26, 23, -18, 21, -22, -30, -32, -31, -4]:1
[-31, 18, 4, -3, -34, 23, 15, -12, 20, 11, -24, -8, 33, -17, 26, 6, -16, 33, -5, 8, -16, 33, 21, 26, -15, 11, -26, 23, -18, 21, -22, -30, -32, -31, -4]:3
[-31, 18, 4, -3, -34, 23, 15, -12, 20, 11, -24, -8, 33, -17, 26, 6, -16, 33, -5, 8, -16, 33, 21, 26, -15, 11, -26, 23, -18, 21, -22, -30, -32, -31, -4]:-43
[-31, 18, 4, -3, -34, 23, 15, -12, 20, 11, -24, -8, 33, -17, 26, 6, -16, 33, -5, 8, -16, 33, 21, 26, -15, 11, -26, 23, -18, 21, -22, -30, -32, -31, -4]:-35
[-31, 18, 4, -3, -34, 23, 15, -12, 20, 11, -24, -8, 33, -17, 26, 6, -16, 33, -5, 8, -16, 33, 21, 26, -15, 11, -26, 23, -18, 21, -22, -30, -32, -31, -4]:7
[24, -30, 38, -37, 13, -28, -38, 37, 31, -19, 30, 32, 39, -11, 22, -2, 17, -25, 17, -24, 25, 35, 31, -19, -39, 7, 0, 11, 0, -8, 31, -12, 34, 36, -5, -29, -28, -14, 35, 9]:44
[24, -30, 38, -37, 13, -28, -38, 37, 31, -19, 30, 32, 39, -11, 22, -2, 17, -25, 17, -24, 25, 35, 31, -19, -39, 7, 0, 11, 0, -8, 31, -12, 34, 36, -5, -29, -28, -14, 35, 9]:-6
[24, -30, 38, -37, 13, -28, -38, 37, 31, -19, 30, 32, 39, -11, 22, -2, 17, -25, 17, -24, 25, 35, 31, -19, -39, 7, 0, 11, 0, -8, 31, -12, 34, 36, -5, -29, -28, -14, 35, 9]:18
[24, -30, 38, -37, 13, -28, -38, 37, 31, -19, 30, 32, 39, -11, 22, -2, 17, -25, 17, -24, 25, 35, 31, -19, -39, 7, 0, 11, 0, -8, 31, -12, 34, 36, -5, -29, -28, -14, 35, 9]:36
[24, -30, 38, -37, 13, -28, -38, 37, 31, -19, 30, 32, 39, -11, 22, -2, 17, -25, 17, -24, 25, 35, 31, -19, -39, 7, 0, 11, 0, -8, 31, -12, 34, 36, -5, -29, -28, -14, 35, 9]:-2
[-9, 28, -5, -4, -20, -19, -34, 21, -35, 18, 4, 4, 40, -22, -5, 3, -20, -15, -21, -13, -4, 34, 11, -40, -9, -4, -32, -17, 38, 1, -26, 0, -8, 8, -21, -24, 12, -36, 0, 36, -27, 5, -15, -37, 10]:10
[-9, 28, -5, -4, -20, -19, -34, 21, -35, 18, 4, 4, 40, -22, -5, 3, -20, -15, -21, -13, -4, 34, 11, -40, -9, -4, -32, -17, 38, 1, -26, 0, -8, 8, -21, -24, 12, -36, 0, 36, -27, 5, -15, -37, 10]:-45
[-9, 28, -5, -4, -20, -19, -34, 21, -35, 18, 4, 4, 40, -22, -5, 3, -20, -15, -21, -13, -4, 34, 11, -40, -9, -4, -32, -17, 38, 1, -26, 0, -8, 8, -21, -24, 12, -36, 0, 36, -27, 5, -15, -37, 10]:-24
[-9, 28, -5, -4, -20, -19, -34, 21, -35, 18, 4, 4, 40, -22, -5, 3, -20, -15, -21, -13, -4, 34, 11, -40, -9, -4, -32, -17, 38, 1, -26, 0, -8, 8, -21, -24, 12, -36, 0, 36, -27, 5, -15, -37, 10]:38
[-9, 28, -5, -4, -20, -19, -34, 21, -35, 18, 4, 4, 40, -22, -5, 3, -20, -15, -21, -13, -4, 34, 11, -40, -9, -4, -32, -17, 38, 1, -26, 0, -8, 8, -21, -24, 12, -36, 0, 36, -27, 5, -15, -37, 10]:39
[40, 8, 49, -24, -21, 0, 17, 43, -34, -10, 23, 39, 5, -23, 3, 46, 21, -31, 19, -8, 24, 35, -13, -29, -6, -9, 32, -40, -8, -33, 43, 4, -49, 16, 10, 31, -6, -38, -29, -23, -29, -45, 5, 33, -35, 30, -43, 30, -45, -21]:-44
[40, 8, 49, -24, -21, 0, 17, 43, -34, -10, 23, 39, 5, -23, 3, 46, 21, -31, 19, -8, 24, 35, -13, -29, -6, -9, 32, -40, -8, -33, 43, 4, -49, 16, 10, 31, -6, -38, -29, -23, -29, -45, 5, 33, -35, 30, -43, 30, -45, -21]:11
[40, 8, 49, -24, -21, 0, 17, 43, -34, -10, 23, 39, 5, -23, 3, 46, 21, -31, 19, -8, 24, 35, -13, -29, -6, -9, 32, -40, -8, -33, 43, 4, -49, 16, 10, 31, -6, -38, -29, -23, -29, -45, 5, 33, -35, 30, -43, 30, -45, -21]:24
[40, 8, 49, -24, -21, 0, 17, 43, -34, -10, 23, 39, 5, -23, 3, 46, 21, -31, 19, -8, 24, 35, -13, -29, -6, -9, 32, -40, -8, -33, 43, 4, -49, 16, 10, 31, -6, -38, -29, -23, -29, -45, 5, 33, -35, 30, -43, 30, -45, -21]:-15
[40, 8, 49, -24, -21, 0, 17, 43, -34, -10, 23, 39, 5, -23, 3, 46, 21, -31, 19, -8, 24, 35, -13, -29, -6, -9, 32, -40, -8, -33, 43, 4, -49, 16, 10, 31, -6, -38, -29, -23, -29, -45, 5, 33, -35, 30, -43, 30, -45, -21]:-27
# From Online Resources - 10
[1, 2, 4, 8, 16, 32]:22
[15, 22, 14, 26, 32, 9, 16, 8]:53
[41, 34, 21, 20, 8, 7, 7, 4, 3, 3]:50
[3, 5, 6, 8, 10, 11, 12, 14, 15, 17]:25
[81, 80, 43, 40, 30, 26, 12, 11, 9]:100
[25, 27, 3, 12, 6, 15, 9, 30, 21, 19]:50
[267, 493, 869, 961, 1000, 1153, 1246, 1598, 1766, 1922]:5842
[267, 493, 869, 961, 1000, 1153, 1246, 1598, 1766, 1922]:5842
[1, 2, 7, 14, 49, 98, 343, 686, 2409, 2793, 16808, 17206, 117705, 117993]:138457
[518533, 1037066, 2074132, 1648264, 796528, 1593056, 686112, 1372224, 244448, 488896, 977792, 1955584, 1411168, 322336, 644672, 1289344, 78688, 157376, 314752, 629504, 1259008]:2463098
# Specifically Curated Hard - 15
