# From Online Resources - 10
[1, 2, 4, 8, 16, 32]:22
[15, 22, 14, 26, 32, 9, 16, 8]:53
[41, 34, 21, 20, 8, 7, 7, 4, 3, 3]:50
[3, 5, 6, 8, 10, 11, 12, 14, 15, 17]:25
[81, 80, 43, 40, 30, 26, 12, 11, 9]:100
[25, 27, 3, 12, 6, 15, 9, 30, 21, 19]:50
[267, 493, 869, 961, 1000, 1153, 1246, 1598, 1766, 1922]:5842
[267, 493, 869, 961, 1000, 1153, 1246, 1598, 1766, 1922]:5842
[1, 2, 7, 14, 49, 98, 343, 686, 2409, 2793, 16808, 17206, 117705, 117993]:138457
[518533, 1037066, 2074132, 1648264, 796528, 1593056, 686112, 1372224, 244448, 488896, 977792, 1955584, 1411168, 322336, 644672, 1289344, 78688, 157376, 314752, 629504, 1259008]:2463098
