# Specifically Curated Hard - 15
[-84, 92, -49, 5, -67, -8, 90, 92, 48, 92, 5, 93, 17, -87, -81, -15, -8, -86, 99, -69, -84, 50, 99, -65, -40, 72, 62, -22, -6, 78, -22, 65, 20, -56, 29, -79, 50, -23, 8, 59, -56, -62, -40, -50, 40, 76, -67, -34, -99, 51, 86, 0, -43, -72, -69, 43, 33, 35, 27, 12, -90, 86, -70, -72, -31, 72, -66, -47, 95, -64, 55, 67, -15, -63, -93, -93, 16, -81, 94, 10, 20, 13, -16, -88, -80, 18, 72, -20, -79, 50, -2, -42, -74, -52, 96, 29, 8, -82, -88, 81]:-79
[6119, -147, -84, 5998, -6005, -7598, 954, 1900, -3042, 403, 349, 9949, -4620, -2026, 1459, -3121, 7288, -3905, 6833, -1929, 5159, 9723, 7397, -9597, -3644, 9219, -7409, -9529, 5850, 1630, 6003, 9094, -6303, -8609, 1444, -3927, -8319, -2899, -7092, 5353, -6291, -8693, -1408, 87, 2672, 3602, -6128, -518, 2929, 3848, -8933, 4946, -8055, 1948, -5138, -8296, 7309, 3390, 1415, -6164]:10362
[6119, -147, -84, 5998, -6005, -7598, 954, 1900, -3042, 403, 349, 9949, -4620, -2026, 1459, -3121, 7288, -3905, 6833, -1929, 5159, 9723, 7397, -9597, -3644, 9219, -7409, -9529, 5850, 1630, 6003, 9094, -6303, -8609, 1444, -3927, -8319, -2899, -7092, 5353, -6291, -8693, -1408, 87, 2672, 3602, -6128, -518, 2929, 3848, -8933, 4946, -8055, 1948, -5138, -8296, 7309, 3390, 1415, -6164]:9798
[6119, -147, -84, 5998, -6005, -7598, 954, 1900, -3042, 403, 349, 9949, -4620, -2026, 1459, -3121, 7288, -3905, 6833, -1929, 5159, 9723, 7397, -9597, -3644, 9219, -7409, -9529, 5850, 1630, 6003, 9094, -6303, -8609, 1444, -3927, -8319, -2899, -7092, 5353, -6291, -8693, -1408, 87, 2672, 3602, -6128, -518, 2929, 3848, -8933, 4946, -8055, 1948, -5138, -8296, 7309, 3390, 1415, -6164]:-7895
[6012, 5603, -3542, 5738, -8270, 9219, 3098, -9052, 2848, -9565, -6381, -9458, 9044, -4056, -8872, -2370, -2532, 261, 6828, -8132, 903, 6795, 6463, 8526, 9804, -1375, -4378, -9700, -2376, -7290, -2316, -3102, -5351, 2147, -9478, 7374, 9374, 5065, 8438, 3221, -1603, -4109, 4394, 6455, 5948, -5004, 4209, 6235, -7601, -3924, 9237, -14, 7371, -2863, -3114, 568, -2342, -9407, 9424, -237, -7370, 726, -9327, -9928, 647, -7345, 7414, -8117, -1233, -4075]:8146
[6012, 5603, -3542, 5738, -8270, 9219, 3098, -9052, 2848, -9565, -6381, -9458, 9044, -4056, -8872, -2370, -2532, 261, 6828, -8132, 903, 6795, 6463, 8526, 9804, -1375, -4378, -9700, -2376, -7290, -2316, -3102, -5351, 2147, -9478, 7374, 9374, 5065, 8438, 3221, -1603, -4109, 4394, 6455, 5948, -5004, 4209, 6235, -7601, -3924, 9237, -14, 7371, -2863, -3114, 568, -2342, -9407, 9424, -237, -7370, 726, -9327, -9928, 647, -7345, 7414, -8117, -1233, -4075]:8702
[6012, 5603, -3542, 5738, -8270, 9219, 3098, -9052, 2848, -9565, -6381, -9458, 9044, -4056, -8872, -2370, -2532, 261, 6828, -8132, 903, 6795, 6463, 8526, 9804, -1375, -4378, -9700, -2376, -7290, -2316, -3102, -5351, 2147, -9478, 7374, 9374, 5065, 8438, 3221, -1603, -4109, 4394, 6455, 5948, -5004, 4209, 6235, -7601, -3924, 9237, -14, 7371, -2863, -3114, 568, -2342, -9407, 9424, -237, -7370, 726, -9327, -9928, 647, -7345, 7414, -8117, -1233, -4075]:-7147
[-2140, -8973, 5011, 8015, 2940, 2987, 7633, 8264, -2059, 4347, 8919, 1118, -8295, 9454, 2540, -892, -1377, 917, 2835, -9416, -5423, 6173, 2080, -4997, 2232, 9221, 7468, 9415, -6668, -3443, 3401, -6156, 6033, -617, -3327, -9672, -6071, -9595, -7824, 707, 9965, 2779, -4940, 1565, 3345, 1294, 1539, -8737, -9661, -8646, 5086, 3629, -8996, 100, 7281, 5647, 2978, 5766, 3393, 2281, -9235, 6320, -8483, 707, 4349, 6540, -8850, -1774, 4557, 3817, -7860, -6530, 4165, 7327, 8169, -1141, -6392, -7355, 305, -6238]:4261
[-2140, -8973, 5011, 8015, 2940, 2987, 7633, 8264, -2059, 4347, 8919, 1118, -8295, 9454, 2540, -892, -1377, 917, 2835, -9416, -5423, 6173, 2080, -4997, 2232, 9221, 7468, 9415, -6668, -3443, 3401, -6156, 6033, -617, -3327, -9672, -6071, -9595, -7824, 707, 9965, 2779, -4940, 1565, 3345, 1294, 1539, -8737, -9661, -8646, 5086, 3629, -8996, 100, 7281, 5647, 2978, 5766, 3393, 2281, -9235, 6320, -8483, 707, 4349, 6540, -8850, -1774, 4557, 3817, -7860, -6530, 4165, 7327, 8169, -1141, -6392, -7355, 305, -6238]:-3275
[-2140, -8973, 5011, 8015, 2940, 2987, 7633, 8264, -2059, 4347, 8919, 1118, -8295, 9454, 2540, -892, -1377, 917, 2835, -9416, -5423, 6173, 2080, -4997, 2232, 9221, 7468, 9415, -6668, -3443, 3401, -6156, 6033, -617, -3327, -9672, -6071, -9595, -7824, 707, 9965, 2779, -4940, 1565, 3345, 1294, 1539, -8737, -9661, -8646, 5086, 3629, -8996, 100, 7281, 5647, 2978, 5766, 3393, 2281, -9235, 6320, -8483, 707, 4349, 6540, -8850, -1774, 4557, 3817, -7860, -6530, 4165, 7327, 8169, -1141, -6392, -7355, 305, -6238]:-3401
[8010, -5563, 5580, 2474, 8322, -6431, -6783, 8853, -6520, 1773, -3213, -9676, -7181, 6959, -5535, 8022, 8357, -4668, -8487, 6899, 5126, -7341, -790, -77, 4346, 6355, 2685, -6138, -919, 2487, 6454, 654, 4869, -2647, 913, 7982, -1095, 2032, 5677, -4571, -9548, -9942, -3660, -1507, 2523, 3335, -9904, 1703, -9793, 9512, -7366, 4239, -5402, -4853, -6181, 6697, -7067, 3401, 2874, -3972, -4683, 2371, -4835, -2831, -3655, 769, 2108, -5452, -4055, -8651, -6606, 4337, -2050, -724, -3664, -720, -2842, 2612, -8864, -8142, -3909, -4883, -7309, 8748, -8836, -2229, -224, -278, -5343, -5231]:18147
[8010, -5563, 5580, 2474, 8322, -6431, -6783, 8853, -6520, 1773, -3213, -9676, -7181, 6959, -5535, 8022, 8357, -4668, -8487, 6899, 5126, -7341, -790, -77, 4346, 6355, 2685, -6138, -919, 2487, 6454, 654, 4869, -2647, 913, 7982, -1095, 2032, 5677, -4571, -9548, -9942, -3660, -1507, 2523, 3335, -9904, 1703, -9793, 9512, -7366, 4239, -5402, -4853, -6181, 6697, -7067, 3401, 2874, -3972, -4683, 2371, -4835, -2831, -3655, 769, 2108, -5452, -4055, -8651, -6606, 4337, -2050, -724, -3664, -720, -2842, 2612, -8864, -8142, -3909, -4883, -7309, 8748, -8836, -2229, -224, -278, -5343, -5231]:-9186
[8010, -5563, 5580, 2474, 8322, -6431, -6783, 8853, -6520, 1773, -3213, -9676, -7181, 6959, -5535, 8022, 8357, -4668, -8487, 6899, 5126, -7341, -790, -77, 4346, 6355, 2685, -6138, -919, 2487, 6454, 654, 4869, -2647, 913, 7982, -1095, 2032, 5677, -4571, -9548, -9942, -3660, -1507, 2523, 3335, -9904, 1703, -9793, 9512, -7366, 4239, -5402, -4853, -6181, 6697, -7067, 3401, 2874, -3972, -4683, 2371, -4835, -2831, -3655, 769, 2108, -5452, -4055, -8651, -6606, 4337, -2050, -724, -3664, -720, -2842, 2612, -8864, -8142, -3909, -4883, -7309, 8748, -8836, -2229, -224, -278, -5343, -5231]:-4258
[593, -2449, -6353, -7867, -9944, 1988, -9999, -7325, -1374, 508, -3475, 9748, -4839, 1228, 3556, 4028, 6894, -625, -2441, 2480, -1433, 7571, 8682, 6801, 9671, -7549, 7812, -249, 3896, -4747, 5250, -7870, -1957, -7468, 2995, 618, 9064, -5453, 484, 7227, 7356, 3551, 9680, 4814, -8029, 1976, -423, -42, 9231, -8671, 2441, 4374, 2, -3306, -5415, -807, 2877, 8801, -7104, 2518, 629, -4086, 5137, -9883, -4486, 1139, -3302, -8589, -4670, 7304, 9460, 8608, 6637, 1128, 9471, 5446, 4138, 1212, 9225, 3840, -4090, -9784, 7716, -8296, -6927, -9379, -3237, 3235, -571, 5597, -4305, 4188, 1687, -8271, -1872, -1072, 4154, -1236, 4317, -6453]:17262
[593, -2449, -6353, -7867, -9944, 1988, -9999, -7325, -1374, 508, -3475, 9748, -4839, 1228, 3556, 4028, 6894, -625, -2441, 2480, -1433, 7571, 8682, 6801, 9671, -7549, 7812, -249, 3896, -4747, 5250, -7870, -1957, -7468, 2995, 618, 9064, -5453, 484, 7227, 7356, 3551, 9680, 4814, -8029, 1976, -423, -42, 9231, -8671, 2441, 4374, 2, -3306, -5415, -807, 2877, 8801, -7104, 2518, 629, -4086, 5137, -9883, -4486, 1139, -3302, -8589, -4670, 7304, 9460, 8608, 6637, 1128, 9471, 5446, 4138, 1212, 9225, 3840, -4090, -9784, 7716, -8296, -6927, -9379, -3237, 3235, -571, 5597, -4305, 4188, 1687, -8271, -1872, -1072, 4154, -1236, 4317, -6453]:1242
[593, -2449, -6353, -7867, -9944, 1988, -9999, -7325, -1374, 508, -3475, 9748, -4839, 1228, 3556, 4028, 6894, -625, -2441, 2480, -1433, 7571, 8682, 6801, 9671, -7549, 7812, -249, 3896, -4747, 5250, -7870, -1957, -7468, 2995, 618, 9064, -5453, 484, 7227, 7356, 3551, 9680, 4814, -8029, 1976, -423, -42, 9231, -8671, 2441, 4374, 2, -3306, -5415, -807, 2877, 8801, -7104, 2518, 629, -4086, 5137, -9883, -4486, 1139, -3302, -8589, -4670, 7304, 9460, 8608, 6637, 1128, 9471, 5446, 4138, 1212, 9225, 3840, -4090, -9784, 7716, -8296, -6927, -9379, -3237, 3235, -571, 5597, -4305, 4188, 1687, -8271, -1872, -1072, 4154, -1236, 4317, -6453]:-9204
